0 0.789062 0.449219 0.150000 0.135937
0 0.849219 0.603125 0.132812 0.140625
0 0.945312 0.678906 0.109375 0.160938
0 0.821094 0.748437 0.167187 0.143750
0 0.140625 0.682031 0.143750 0.145313
0 0.127344 0.807031 0.176563 0.132812
0 0.285156 0.646875 0.192188 0.187500
0 0.328906 0.428906 0.151562 0.170313
0 0.091406 0.193750 0.123438 0.134375
0 0.317969 0.268750 0.157812 0.140625
0 0.429688 0.824219 0.134375 0.101562
0 0.224219 0.278125 0.151562 0.187500
0 0.948438 0.521875 0.103125 0.143750
0 0.426563 0.541406 0.150000 0.135937
1 0.525781 0.365625 0.379688 0.356250
