0 0.246875 0.293750 0.190625 0.153125
0 0.415625 0.264062 0.165625 0.159375
0 0.264844 0.603125 0.173437 0.162500
0 0.908594 0.523438 0.167187 0.143750
0 0.566406 0.345313 0.167187 0.143750
0 0.614062 0.332813 0.156250 0.125000
0 0.771875 0.273438 0.156250 0.125000
0 0.103906 0.514844 0.201563 0.195312
0 0.232031 0.772656 0.164062 0.164062
0 0.736719 0.677344 0.151562 0.139063
0 0.862500 0.787500 0.190625 0.175000
0 0.375000 0.410156 0.184375 0.151562
0 0.539062 0.753906 0.175000 0.154688
0 0.065625 0.249219 0.128125 0.173437
1 0.535937 0.529687 0.228125 0.209375
2 0.161719 0.415625 0.070312 0.056250
