0 0.198437 0.588281 0.156250 0.145313
0 0.353906 0.662500 0.135937 0.146875
0 0.480469 0.667188 0.151562 0.165625
0 0.761719 0.659375 0.167187 0.156250
0 0.896875 0.642188 0.168750 0.181250
0 0.144531 0.793750 0.157812 0.140625
0 0.243750 0.395313 0.171875 0.187500
0 0.082031 0.370312 0.157812 0.140625
0 0.600781 0.515625 0.160938 0.159375
0 0.750000 0.442969 0.159375 0.135937
0 0.914062 0.250781 0.159375 0.135937
0 0.146094 0.221094 0.173437 0.157812
2 0.623437 0.824219 0.068750 0.070312
1 0.492969 0.256250 0.326562 0.259375
2 0.112500 0.152344 0.062500 0.051562
