0 0.589063 0.475000 0.137500 0.156250
0 0.568750 0.230469 0.162500 0.160938
0 0.332031 0.274219 0.123438 0.139063
0 0.774219 0.651563 0.132812 0.143750
0 0.710156 0.542188 0.145313 0.150000
0 0.791406 0.385937 0.145313 0.150000
0 0.532031 0.788281 0.167187 0.173437
0 0.053906 0.526563 0.104688 0.165625
0 0.393750 0.768750 0.159375 0.178125
0 0.114844 0.228125 0.142187 0.168750
1 0.296094 0.477344 0.267188 0.239063
2 0.824219 0.545312 0.051562 0.050000
2 0.290625 0.179688 0.050000 0.062500
2 0.092969 0.263281 0.029687 0.035937
2 0.614844 0.371875 0.054688 0.050000
