0 0.700781 0.300000 0.151562 0.200000
0 0.891406 0.500781 0.157812 0.164062
0 0.817969 0.194531 0.167187 0.135937
0 0.301563 0.479687 0.168750 0.150000
0 0.388281 0.757812 0.170313 0.178125
0 0.617188 0.762500 0.159375 0.143750
0 0.293750 0.621875 0.168750 0.150000
0 0.242969 0.782813 0.173437 0.181250
0 0.480469 0.364063 0.173437 0.115625
0 0.416406 0.215625 0.101562 0.178125
0 0.871875 0.320312 0.143750 0.140625
0 0.780469 0.748437 0.148438 0.153125
0 0.072656 0.583594 0.142187 0.164062
1 0.485156 0.572656 0.339062 0.329688
