0 0.200000 0.703906 0.162500 0.160938
0 0.299219 0.615625 0.170313 0.171875
0 0.461719 0.674219 0.182812 0.170313
0 0.460156 0.799219 0.182812 0.151562
0 0.657031 0.744531 0.185938 0.173437
0 0.803906 0.489844 0.185938 0.173437
0 0.614844 0.564844 0.198437 0.185938
0 0.125781 0.489844 0.173437 0.160938
0 0.154688 0.328906 0.175000 0.154688
0 0.195312 0.189844 0.168750 0.126562
0 0.720313 0.346094 0.143750 0.142187
0 0.817187 0.332031 0.143750 0.142187
0 0.928125 0.196875 0.143750 0.140625
0 0.780469 0.193750 0.145313 0.134375
0 0.916406 0.724219 0.167187 0.176563
0 0.771094 0.668750 0.198437 0.187500
1 0.424219 0.286719 0.401562 0.289062
