0 0.584375 0.572656 0.150000 0.160938
0 0.345313 0.630469 0.150000 0.160938
0 0.423438 0.632031 0.150000 0.160938
0 0.456250 0.766406 0.162500 0.154688
0 0.207813 0.727344 0.162500 0.154688
0 0.081250 0.739844 0.159375 0.154688
0 0.620313 0.810937 0.150000 0.128125
0 0.678125 0.792188 0.150000 0.128125
0 0.715625 0.751563 0.150000 0.128125
0 0.779687 0.718750 0.150000 0.128125
0 0.817187 0.687500 0.150000 0.128125
0 0.848437 0.664062 0.150000 0.128125
0 0.757812 0.503125 0.150000 0.128125
0 0.809375 0.515625 0.150000 0.128125
0 0.865625 0.535937 0.150000 0.128125
0 0.686719 0.346875 0.154688 0.162500
0 0.078125 0.376563 0.153125 0.162500
0 0.203125 0.314063 0.156250 0.162500
0 0.353906 0.349219 0.132812 0.126562
0 0.602344 0.208594 0.132812 0.126562
0 0.933594 0.405469 0.132812 0.126562
1 0.878125 0.253906 0.221875 0.192188
0 0.434375 0.491406 0.150000 0.160938
0 0.328125 0.269531 0.150000 0.160938
2 0.294531 0.167187 0.048438 0.043750
