0 0.503125 0.800781 0.215625 0.148438
0 0.733594 0.387500 0.185938 0.146875
0 0.932031 0.457813 0.135937 0.146875
0 0.532813 0.495312 0.143750 0.150000
0 0.332031 0.801562 0.135937 0.146875
0 0.412500 0.641406 0.131250 0.132812
0 0.130469 0.196875 0.185938 0.140625
0 0.247656 0.562500 0.148438 0.134375
0 0.925781 0.600000 0.148438 0.134375
0 0.939063 0.740625 0.121875 0.134375
0 0.632031 0.497656 0.123438 0.117188
1 0.440625 0.301563 0.221875 0.200000
2 0.434375 0.450781 0.046875 0.045312
2 0.825000 0.491406 0.046875 0.045312
