0 0.707031 0.309375 0.154688 0.156250
0 0.299219 0.518750 0.167187 0.159375
0 0.514062 0.363281 0.128125 0.148438
0 0.582031 0.464844 0.164062 0.189062
0 0.414844 0.267969 0.135937 0.160938
0 0.738281 0.592187 0.198437 0.171875
0 0.863281 0.373437 0.198437 0.187500
0 0.158594 0.429688 0.207813 0.121875
0 0.103906 0.768750 0.157812 0.146875
0 0.122656 0.192969 0.132812 0.132812
0 0.293750 0.284375 0.156250 0.178125
0 0.586719 0.187500 0.176563 0.121875
0 0.942187 0.758594 0.115625 0.179688
1 0.438281 0.714063 0.370312 0.321875
