0 0.600000 0.768750 0.162500 0.146875
0 0.434375 0.810937 0.153125 0.128125
0 0.875781 0.392969 0.160938 0.167187
0 0.717969 0.222656 0.160938 0.167187
0 0.546094 0.344531 0.179688 0.167187
0 0.583594 0.481250 0.142187 0.168750
0 0.492969 0.607812 0.142187 0.168750
0 0.555469 0.639844 0.107813 0.120313
0 0.049219 0.251563 0.095312 0.162500
0 0.136719 0.371094 0.179688 0.167187
0 0.409375 0.292969 0.153125 0.164062
0 0.506250 0.185938 0.156250 0.118750
0 0.260937 0.280469 0.184375 0.151562
0 0.836719 0.778906 0.160938 0.167187
0 0.058594 0.793750 0.114062 0.143750
1 0.279687 0.524219 0.318750 0.317188
2 0.040625 0.652344 0.053125 0.045312
