1 0.205469 0.414844 0.189062 0.185938
2 0.734375 0.233594 0.062500 0.057813
2 0.896875 0.716406 0.062500 0.057813
2 0.829688 0.817969 0.062500 0.057813
2 0.031250 0.472656 0.059375 0.057813
0 0.760938 0.363281 0.184375 0.154688
0 0.568750 0.599219 0.184375 0.154688
0 0.512500 0.777344 0.184375 0.154688
0 0.092969 0.583594 0.182812 0.154688
0 0.092969 0.682031 0.182812 0.154688
0 0.192969 0.831250 0.145313 0.087500
0 0.385156 0.311719 0.173437 0.201563
0 0.446875 0.467969 0.146875 0.145313
0 0.658594 0.717969 0.139063 0.164062
0 0.532813 0.442969 0.146875 0.145313
