0 0.166406 0.737500 0.170313 0.187500
0 0.386719 0.696094 0.223438 0.157812
0 0.145313 0.284375 0.184375 0.168750
0 0.592187 0.275000 0.184375 0.168750
0 0.411719 0.348438 0.185938 0.187500
0 0.914844 0.508594 0.154688 0.154688
0 0.210156 0.478125 0.160938 0.162500
0 0.254688 0.416406 0.131250 0.132812
0 0.384375 0.525000 0.178125 0.140625
0 0.299219 0.218750 0.139063 0.143750
0 0.871875 0.314844 0.178125 0.151562
0 0.063281 0.437500 0.123438 0.184375
0 0.805469 0.450000 0.095312 0.100000
1 0.609375 0.614844 0.400000 0.382812
