0 0.491406 0.707812 0.173437 0.175000
0 0.257031 0.747656 0.217188 0.173437
0 0.493750 0.286719 0.178125 0.145313
0 0.936719 0.193750 0.126562 0.134375
0 0.760938 0.215625 0.168750 0.178125
0 0.932031 0.410156 0.135937 0.210938
0 0.764844 0.650781 0.135937 0.210938
0 0.680469 0.425781 0.135937 0.210938
0 0.093750 0.337500 0.184375 0.200000
0 0.913281 0.646875 0.173437 0.175000
1 0.271875 0.246094 0.212500 0.204687
2 0.529687 0.375000 0.071875 0.062500
2 0.589063 0.492188 0.071875 0.062500
0 0.196094 0.557813 0.173437 0.175000
