0 0.135937 0.814063 0.156250 0.121875
0 0.137500 0.275781 0.165625 0.157812
0 0.228125 0.416406 0.150000 0.192188
0 0.346094 0.509375 0.117188 0.193750
0 0.381250 0.307031 0.165625 0.157812
0 0.540625 0.332031 0.193750 0.154688
0 0.511719 0.198437 0.195312 0.143750
0 0.514844 0.520312 0.214062 0.193750
0 0.777344 0.303125 0.151562 0.146875
0 0.880469 0.603125 0.151562 0.146875
0 0.474219 0.793750 0.164062 0.153125
0 0.689063 0.750781 0.165625 0.167187
0 0.919531 0.337500 0.142187 0.137500
1 0.096094 0.613281 0.189062 0.298438
