1 0.643750 0.703125 0.256250 0.212500
2 0.622656 0.319531 0.073438 0.067187
2 0.791406 0.446094 0.073438 0.067187
0 0.660937 0.434375 0.187500 0.178125
0 0.521875 0.465625 0.187500 0.178125
0 0.429688 0.556250 0.187500 0.178125
0 0.245312 0.737500 0.187500 0.178125
0 0.101562 0.623437 0.187500 0.178125
0 0.171875 0.571875 0.187500 0.178125
0 0.082031 0.358594 0.160938 0.148438
0 0.193750 0.352344 0.162500 0.148438
0 0.895312 0.369531 0.162500 0.148438
0 0.953906 0.354687 0.092188 0.146875
0 0.666406 0.185156 0.151562 0.117188
0 0.411719 0.212500 0.170313 0.171875
0 0.253125 0.193750 0.140625 0.134375
0 0.942969 0.756250 0.110937 0.178125
0 0.356250 0.345313 0.187500 0.178125
0 0.439063 0.778125 0.187500 0.178125
