0 0.662500 0.379688 0.234375 0.134375
0 0.609375 0.616406 0.146875 0.132812
0 0.364844 0.648438 0.154688 0.134375
0 0.472656 0.567187 0.154688 0.134375
0 0.713281 0.652344 0.151562 0.173437
0 0.299219 0.499219 0.151562 0.157812
0 0.553906 0.259375 0.154688 0.134375
0 0.660156 0.225000 0.154688 0.134375
0 0.794531 0.289062 0.157812 0.171875
0 0.074219 0.501563 0.145313 0.137500
0 0.055469 0.207031 0.107813 0.157812
0 0.092188 0.787500 0.159375 0.118750
0 0.935937 0.451562 0.128125 0.131250
0 0.935937 0.689063 0.128125 0.131250
0 0.825000 0.824219 0.153125 0.101562
0 0.235937 0.393750 0.156250 0.162500
1 0.325000 0.207031 0.228125 0.160938
2 0.092969 0.434375 0.045312 0.040625
