1 0.322656 0.477344 0.304688 0.332813
0 0.638281 0.500000 0.139063 0.121875
0 0.719531 0.446875 0.139063 0.121875
0 0.786719 0.359375 0.139063 0.121875
0 0.791406 0.423438 0.139063 0.153125
0 0.844531 0.439844 0.110937 0.120313
0 0.827344 0.567969 0.167187 0.151562
0 0.102344 0.675781 0.160938 0.176563
0 0.416406 0.218750 0.145313 0.162500
0 0.607031 0.281250 0.145313 0.162500
0 0.586719 0.323437 0.182812 0.165625
0 0.476562 0.320312 0.146875 0.143750
0 0.704688 0.660156 0.146875 0.160938
0 0.384375 0.732031 0.146875 0.160938
0 0.231250 0.788281 0.196875 0.164062
0 0.246875 0.217188 0.168750 0.181250
2 0.161719 0.397656 0.057813 0.067187
0 0.481250 0.827344 0.143750 0.095312
0 0.074219 0.325781 0.145313 0.160938
