1 0.233594 0.510938 0.232813 0.212500
2 0.730469 0.593750 0.085938 0.053125
0 0.467969 0.347656 0.182812 0.176563
0 0.394531 0.273438 0.126562 0.146875
0 0.646094 0.414844 0.154688 0.132812
0 0.757031 0.410156 0.189062 0.142187
0 0.449219 0.510156 0.189062 0.167187
0 0.417969 0.622656 0.189062 0.167187
0 0.311719 0.708594 0.189062 0.167187
0 0.494531 0.778906 0.189062 0.167187
0 0.703906 0.764844 0.189062 0.167187
0 0.882812 0.364063 0.184375 0.134375
0 0.902344 0.285156 0.189062 0.142187
0 0.739844 0.214844 0.164062 0.154688
0 0.210938 0.256250 0.203125 0.190625
0 0.115625 0.325000 0.171875 0.181250
0 0.068750 0.421094 0.134375 0.192188
0 0.062500 0.525000 0.121875 0.193750
0 0.059375 0.617188 0.115625 0.159375
0 0.059375 0.689063 0.115625 0.159375
0 0.100781 0.760938 0.126562 0.162500
0 0.089063 0.830469 0.143750 0.089063
0 0.396094 0.165625 0.145313 0.078125
0 0.500000 0.183594 0.140625 0.114062
