0 0.404687 0.648438 0.159375 0.140625
0 0.575000 0.680469 0.171875 0.142187
0 0.818750 0.735156 0.171875 0.164062
0 0.914062 0.471094 0.171875 0.164062
0 0.415625 0.466406 0.171875 0.164062
0 0.409375 0.307031 0.171875 0.164062
0 0.551562 0.271875 0.190625 0.187500
0 0.654687 0.421094 0.162500 0.157812
0 0.753125 0.382031 0.178125 0.182812
0 0.740625 0.556250 0.178125 0.134375
0 0.803906 0.204687 0.185938 0.156250
0 0.287500 0.341406 0.140625 0.164062
0 0.079687 0.367188 0.156250 0.162500
0 0.093750 0.514062 0.156250 0.153125
0 0.715625 0.602344 0.131250 0.176563
1 0.192188 0.727344 0.353125 0.295312
