0 0.083594 0.693750 0.164062 0.184375
0 0.385937 0.308594 0.156250 0.142187
0 0.532813 0.767188 0.165625 0.184375
0 0.827344 0.586719 0.195312 0.189062
0 0.770312 0.803906 0.156250 0.139063
0 0.768750 0.259375 0.153125 0.168750
0 0.915625 0.253906 0.168750 0.195312
0 0.800000 0.435937 0.196875 0.153125
0 0.598437 0.202344 0.196875 0.151562
0 0.604688 0.346875 0.196875 0.153125
0 0.612500 0.506250 0.196875 0.153125
0 0.278125 0.681250 0.196875 0.153125
0 0.334375 0.816406 0.187500 0.117188
0 0.096875 0.371094 0.190625 0.173437
1 0.414062 0.550000 0.350000 0.353125
