0 0.749219 0.495312 0.182812 0.162500
0 0.324219 0.529687 0.182812 0.162500
0 0.199219 0.417187 0.129688 0.137500
0 0.239844 0.245312 0.173437 0.187500
0 0.084375 0.210938 0.165625 0.168750
0 0.105469 0.603125 0.179688 0.175000
0 0.090625 0.786719 0.178125 0.176563
0 0.278125 0.708594 0.153125 0.154688
0 0.544531 0.535937 0.182812 0.162500
0 0.849219 0.207031 0.182812 0.160938
0 0.664062 0.187500 0.178125 0.121875
0 0.760938 0.725000 0.159375 0.162500
0 0.942969 0.674219 0.114062 0.164062
0 0.511719 0.376563 0.195312 0.184375
1 0.516406 0.736719 0.351562 0.276562
2 0.336719 0.301563 0.092188 0.087500
2 0.362500 0.167969 0.081250 0.082812
2 0.021875 0.689063 0.040625 0.059375
