1 0.228906 0.385937 0.220312 0.190625
1 0.888281 0.737500 0.220312 0.275000
2 0.303125 0.274219 0.053125 0.060937
2 0.121875 0.844531 0.053125 0.060937
0 0.125781 0.717187 0.198437 0.153125
0 0.266406 0.740625 0.198437 0.153125
0 0.233594 0.550000 0.198437 0.153125
0 0.147656 0.526563 0.198437 0.153125
0 0.672656 0.648438 0.198437 0.153125
0 0.639844 0.475000 0.198437 0.153125
0 0.561719 0.273438 0.198437 0.153125
0 0.725000 0.337500 0.146875 0.162500
0 0.079687 0.207031 0.146875 0.160938
0 0.060937 0.357031 0.118750 0.160938
0 0.940625 0.293750 0.118750 0.184375
0 0.882812 0.414844 0.181250 0.185938
