0 0.434375 0.612500 0.159375 0.146875
0 0.161719 0.528906 0.173437 0.148438
0 0.317969 0.475781 0.210938 0.179688
0 0.693750 0.641406 0.175000 0.173437
0 0.857031 0.650781 0.179688 0.157812
0 0.617188 0.343750 0.165625 0.150000
0 0.750000 0.321875 0.165625 0.150000
0 0.746875 0.465625 0.165625 0.150000
0 0.275000 0.321875 0.165625 0.150000
0 0.131250 0.302344 0.168750 0.164062
0 0.933594 0.250000 0.132812 0.153125
0 0.463281 0.797656 0.154688 0.139063
1 0.469531 0.221875 0.335938 0.190625
2 0.050000 0.238281 0.053125 0.060937
2 0.791406 0.785156 0.060937 0.051562
