0 0.600000 0.319531 0.140625 0.129688
0 0.513281 0.258594 0.142187 0.135937
0 0.521875 0.490625 0.153125 0.165625
0 0.368750 0.536719 0.153125 0.145313
0 0.713281 0.475781 0.173437 0.170313
0 0.863281 0.558594 0.176563 0.182812
0 0.764062 0.621875 0.159375 0.178125
0 0.907813 0.368750 0.159375 0.178125
0 0.176563 0.553125 0.159375 0.178125
0 0.060937 0.453125 0.118750 0.175000
0 0.337500 0.367188 0.175000 0.175000
0 0.619531 0.171094 0.164062 0.089063
0 0.788281 0.171094 0.164062 0.089063
0 0.360156 0.835156 0.142187 0.079687
1 0.533594 0.706250 0.295312 0.240625
2 0.020313 0.221094 0.037500 0.064062
