0 0.095312 0.693750 0.153125 0.146875
0 0.055469 0.526563 0.107813 0.206250
0 0.574219 0.405469 0.195312 0.176563
0 0.692187 0.596875 0.159375 0.168750
0 0.346875 0.672656 0.156250 0.182812
0 0.906250 0.498437 0.187500 0.171875
0 0.572656 0.192969 0.164062 0.132812
0 0.221094 0.332813 0.207813 0.153125
0 0.178125 0.459375 0.196875 0.203125
0 0.529687 0.689844 0.196875 0.157812
0 0.362500 0.185938 0.193750 0.118750
2 0.350781 0.813281 0.060937 0.070312
2 0.453125 0.253906 0.059375 0.064062
1 0.747656 0.254688 0.245312 0.237500
