0 0.147656 0.457813 0.135937 0.168750
0 0.423438 0.637500 0.190625 0.168750
0 0.875000 0.495312 0.140625 0.159375
0 0.742969 0.457813 0.164062 0.162500
0 0.655469 0.794531 0.189062 0.160938
0 0.493750 0.819531 0.193750 0.110937
0 0.299219 0.819531 0.142187 0.110937
0 0.169531 0.831250 0.123438 0.087500
0 0.253906 0.328906 0.148438 0.129688
0 0.412500 0.190625 0.171875 0.128125
0 0.238281 0.180469 0.160938 0.107813
0 0.635156 0.180469 0.160938 0.107813
0 0.842187 0.759375 0.128125 0.153125
0 0.673438 0.643750 0.146875 0.143750
0 0.824219 0.332031 0.160938 0.151562
1 0.468750 0.396094 0.281250 0.295312
2 0.095312 0.607031 0.109375 0.098437
