0 0.460156 0.552344 0.164062 0.160938
0 0.796875 0.265625 0.143750 0.146875
0 0.907813 0.495312 0.156250 0.159375
0 0.114844 0.346094 0.157812 0.167187
0 0.667969 0.574219 0.157812 0.167187
0 0.171094 0.514844 0.157812 0.167187
0 0.532813 0.192969 0.162500 0.132812
0 0.318750 0.620313 0.162500 0.134375
0 0.585156 0.802344 0.170313 0.145313
0 0.400000 0.821875 0.206250 0.106250
0 0.182812 0.785156 0.165625 0.179688
1 0.336719 0.334375 0.339062 0.312500
1 0.598437 0.396875 0.240625 0.225000
2 0.969531 0.751563 0.051562 0.050000
