0 0.692969 0.325781 0.182812 0.195312
0 0.490625 0.304688 0.165625 0.131250
0 0.835938 0.483594 0.162500 0.229687
0 0.671875 0.625781 0.156250 0.160938
0 0.212500 0.189062 0.175000 0.125000
0 0.757031 0.820312 0.117188 0.109375
0 0.419531 0.754687 0.204687 0.165625
0 0.565625 0.727344 0.137500 0.148438
0 0.078906 0.433594 0.154688 0.173437
0 0.868750 0.244531 0.156250 0.173437
0 0.942187 0.806250 0.115625 0.137500
1 0.449219 0.519531 0.310937 0.273438
0 0.239063 0.500000 0.165625 0.131250
0 0.315625 0.685156 0.196875 0.170313
