0 0.055469 0.739062 0.107813 0.150000
0 0.140625 0.630469 0.165625 0.164062
0 0.278125 0.546094 0.165625 0.164062
0 0.304688 0.780469 0.165625 0.164062
0 0.416406 0.661719 0.151562 0.148438
0 0.515625 0.785937 0.146875 0.171875
0 0.773438 0.600000 0.178125 0.168750
0 0.729688 0.418750 0.175000 0.171875
0 0.191406 0.287500 0.164062 0.171875
0 0.753906 0.231250 0.164062 0.171875
0 0.587500 0.612500 0.178125 0.168750
0 0.735938 0.801562 0.159375 0.146875
0 0.936719 0.725781 0.126562 0.170313
1 0.427344 0.354687 0.360938 0.350000
2 0.872656 0.420312 0.123438 0.109375
2 0.843750 0.154688 0.071875 0.056250
