0 0.610938 0.599219 0.215625 0.167187
0 0.093750 0.575000 0.184375 0.168750
0 0.131250 0.379688 0.181250 0.178125
0 0.092188 0.198437 0.171875 0.143750
0 0.326562 0.360156 0.171875 0.145313
0 0.288281 0.516406 0.164062 0.145313
0 0.487500 0.439844 0.137500 0.201563
0 0.514062 0.792188 0.162500 0.156250
0 0.219531 0.742969 0.195312 0.170313
0 0.919531 0.528906 0.160938 0.176563
0 0.919531 0.362500 0.160938 0.175000
0 0.741406 0.698438 0.160938 0.175000
0 0.421094 0.626563 0.160938 0.175000
0 0.878125 0.172656 0.193750 0.092188
1 0.399219 0.224219 0.354687 0.195312
