0 0.675781 0.423438 0.167187 0.171875
0 0.824219 0.473438 0.167187 0.171875
0 0.689844 0.679688 0.167187 0.171875
0 0.499219 0.728125 0.167187 0.171875
0 0.397656 0.775000 0.167187 0.171875
0 0.125000 0.672656 0.190625 0.167187
0 0.667188 0.238281 0.212500 0.160938
0 0.072656 0.294531 0.142187 0.157812
0 0.448437 0.257031 0.212500 0.160938
0 0.291406 0.650000 0.167187 0.171875
0 0.872656 0.723437 0.167187 0.171875
0 0.844531 0.207813 0.167187 0.162500
0 0.116406 0.817187 0.198437 0.115625
1 0.414844 0.471094 0.285938 0.285938
