0 0.126562 0.646875 0.165625 0.150000
0 0.205469 0.513281 0.154688 0.148438
0 0.171094 0.192188 0.154688 0.131250
0 0.364063 0.210938 0.165625 0.162500
0 0.612500 0.192188 0.196875 0.131250
0 0.553906 0.358594 0.157812 0.164062
0 0.716406 0.407031 0.157812 0.164062
0 0.820312 0.605469 0.178125 0.129688
0 0.335938 0.792188 0.178125 0.165625
0 0.881250 0.331250 0.178125 0.165625
0 0.821875 0.253125 0.178125 0.165625
0 0.910937 0.485156 0.178125 0.129688
0 0.382031 0.526563 0.157812 0.165625
0 0.295312 0.387500 0.175000 0.184375
1 0.532031 0.701562 0.360938 0.343750
