1 0.742969 0.205469 0.276562 0.157812
0 0.363281 0.214844 0.170313 0.173437
0 0.263281 0.452344 0.170313 0.173437
0 0.244531 0.305469 0.170313 0.173437
0 0.150781 0.321094 0.170313 0.173437
0 0.074219 0.389844 0.145313 0.179688
0 0.089844 0.482812 0.173437 0.181250
0 0.749219 0.637500 0.173437 0.181250
0 0.355469 0.767188 0.170313 0.153125
0 0.219531 0.760938 0.170313 0.153125
0 0.471094 0.434375 0.151562 0.146875
0 0.863281 0.507812 0.173437 0.153125
0 0.580469 0.767188 0.170313 0.187500
0 0.414844 0.651563 0.198437 0.178125
0 0.560156 0.529687 0.198437 0.178125
0 0.789062 0.362500 0.215625 0.181250
0 0.547656 0.337500 0.176563 0.181250
2 0.259375 0.572656 0.062500 0.054688
2 0.471875 0.816406 0.062500 0.054688
