1 0.546094 0.475781 0.335938 0.335938
0 0.303906 0.689844 0.170313 0.167187
0 0.235156 0.774219 0.170313 0.167187
0 0.070312 0.713281 0.137500 0.167187
0 0.227344 0.538281 0.207813 0.164062
0 0.267969 0.375781 0.207813 0.164062
0 0.827344 0.369531 0.207813 0.164062
0 0.910937 0.346875 0.178125 0.146875
0 0.913281 0.532813 0.173437 0.178125
0 0.811719 0.701562 0.173437 0.178125
0 0.616406 0.704688 0.195312 0.178125
0 0.496094 0.717187 0.195312 0.178125
0 0.508594 0.806250 0.192188 0.137500
0 0.105469 0.369531 0.173437 0.157812
0 0.919531 0.192188 0.157812 0.131250
2 0.703906 0.172656 0.070312 0.060937
2 0.799219 0.227344 0.070312 0.060937
2 0.110156 0.477344 0.070312 0.060937
