0 0.503906 0.669531 0.148438 0.185938
0 0.687500 0.660937 0.150000 0.121875
0 0.106250 0.596094 0.178125 0.157812
0 0.275000 0.693750 0.150000 0.178125
0 0.098437 0.730469 0.175000 0.170313
0 0.335156 0.421875 0.173437 0.165625
0 0.876563 0.582812 0.184375 0.159375
0 0.719531 0.787500 0.185938 0.143750
0 0.460938 0.396094 0.165625 0.189062
0 0.077344 0.326562 0.151562 0.153125
0 0.087500 0.470313 0.171875 0.162500
0 0.264844 0.278125 0.182812 0.153125
0 0.692969 0.250000 0.173437 0.115625
0 0.855469 0.264844 0.160938 0.189062
0 0.452344 0.821875 0.164062 0.106250
0 0.544531 0.192188 0.151562 0.131250
0 0.181250 0.192188 0.146875 0.131250
1 0.660937 0.445312 0.309375 0.306250
2 0.580469 0.785156 0.070312 0.082812
2 0.960156 0.377344 0.079687 0.101562
