0 0.803906 0.510938 0.176563 0.153125
0 0.721094 0.576562 0.176563 0.153125
0 0.658594 0.264062 0.176563 0.153125
0 0.892188 0.330469 0.184375 0.176563
0 0.810937 0.317188 0.159375 0.162500
0 0.361719 0.465625 0.176563 0.153125
0 0.522656 0.760938 0.176563 0.153125
0 0.911719 0.679688 0.176563 0.153125
0 0.446094 0.250000 0.176563 0.153125
0 0.124219 0.270313 0.176563 0.153125
0 0.121094 0.685937 0.176563 0.153125
0 0.277344 0.639062 0.176563 0.153125
0 0.158594 0.798438 0.129688 0.153125
0 0.190625 0.428125 0.225000 0.187500
0 0.698438 0.816406 0.150000 0.117188
1 0.312500 0.795312 0.181250 0.159375
2 0.589844 0.281250 0.054688 0.046875
