0 0.229687 0.637500 0.159375 0.153125
0 0.310156 0.210156 0.173437 0.167187
0 0.463281 0.191406 0.173437 0.129688
0 0.670312 0.185938 0.178125 0.118750
0 0.097656 0.446094 0.148438 0.132812
0 0.642969 0.668750 0.154688 0.156250
0 0.492969 0.703125 0.154688 0.156250
0 0.110937 0.807813 0.137500 0.134375
0 0.378906 0.473438 0.204687 0.196875
0 0.595313 0.808594 0.153125 0.132812
0 0.703125 0.808594 0.153125 0.132812
0 0.757812 0.542969 0.153125 0.132812
0 0.875000 0.180469 0.212500 0.107813
1 0.561719 0.379688 0.360938 0.262500
2 0.217969 0.175781 0.054688 0.060937
