0 0.346094 0.461719 0.120313 0.223438
0 0.295312 0.266406 0.187500 0.157812
0 0.208594 0.435156 0.148438 0.142187
0 0.171875 0.566406 0.168750 0.154688
0 0.409375 0.701562 0.178125 0.175000
0 0.482812 0.531250 0.165625 0.153125
0 0.616406 0.433594 0.185938 0.151562
0 0.105469 0.735938 0.179688 0.193750
0 0.086719 0.332813 0.170313 0.168750
0 0.593750 0.275000 0.143750 0.175000
0 0.684375 0.267969 0.193750 0.189062
0 0.860156 0.607812 0.164062 0.162500
0 0.873437 0.700000 0.150000 0.143750
0 0.816406 0.383594 0.151562 0.139063
1 0.635156 0.702344 0.348438 0.320312
2 0.477344 0.287500 0.048438 0.046875
2 0.767969 0.841406 0.039062 0.057813
