1 0.346094 0.339844 0.198437 0.189062
0 0.450000 0.635156 0.171875 0.164062
0 0.535937 0.310156 0.171875 0.164062
0 0.626563 0.590625 0.140625 0.146875
0 0.781250 0.659375 0.140625 0.146875
0 0.725000 0.685937 0.140625 0.146875
0 0.616406 0.780469 0.195312 0.170313
0 0.387500 0.539062 0.153125 0.137500
0 0.235156 0.718750 0.201563 0.178125
0 0.164062 0.197656 0.171875 0.142187
0 0.349219 0.212500 0.154688 0.125000
0 0.721094 0.195312 0.173437 0.137500
0 0.894531 0.407031 0.173437 0.139063
0 0.900781 0.502344 0.173437 0.139063
0 0.926562 0.588281 0.146875 0.151562
0 0.798438 0.358594 0.146875 0.151562
0 0.715625 0.302344 0.146875 0.151562
0 0.731250 0.410156 0.146875 0.151562
0 0.731250 0.450000 0.162500 0.156250
0 0.692187 0.453125 0.162500 0.156250
0 0.628125 0.487500 0.162500 0.156250
0 0.173437 0.578125 0.190625 0.162500
0 0.807813 0.818750 0.196875 0.112500
0 0.070312 0.785937 0.137500 0.178125
2 0.189062 0.325000 0.059375 0.071875
