0 0.576562 0.701562 0.171875 0.165625
0 0.763281 0.667969 0.198437 0.173437
0 0.739062 0.812500 0.206250 0.125000
0 0.552344 0.482031 0.201563 0.170313
0 0.317969 0.303906 0.201563 0.170313
0 0.490625 0.279687 0.153125 0.156250
0 0.611719 0.334375 0.157812 0.143750
0 0.924219 0.207031 0.151562 0.160938
0 0.924219 0.390625 0.151562 0.162500
0 0.794531 0.496875 0.173437 0.184375
0 0.347656 0.801562 0.173437 0.146875
0 0.231250 0.694531 0.175000 0.173437
0 0.221875 0.527344 0.175000 0.173437
1 0.389844 0.604688 0.185938 0.196875
2 0.021094 0.201563 0.039062 0.065625
