0 0.346094 0.504687 0.151562 0.153125
0 0.636719 0.535937 0.151562 0.153125
0 0.724219 0.560937 0.151562 0.153125
0 0.653906 0.737500 0.170313 0.175000
0 0.460156 0.626563 0.170313 0.175000
0 0.329688 0.775781 0.162500 0.151562
0 0.170313 0.815625 0.184375 0.109375
0 0.290625 0.251563 0.196875 0.206250
0 0.076563 0.645312 0.150000 0.153125
0 0.875781 0.462500 0.151562 0.153125
0 0.571875 0.809375 0.137500 0.131250
0 0.162500 0.551562 0.162500 0.134375
0 0.097656 0.396094 0.167187 0.145313
0 0.133594 0.182031 0.167187 0.110937
1 0.480469 0.343750 0.260937 0.206250
