1 0.314063 0.409375 0.293750 0.265625
0 0.130469 0.467187 0.132812 0.190625
0 0.721094 0.707031 0.160938 0.179688
0 0.899219 0.733594 0.160938 0.179688
0 0.800781 0.758594 0.160938 0.179688
0 0.445312 0.810937 0.181250 0.128125
0 0.298438 0.810937 0.181250 0.128125
0 0.285938 0.760938 0.181250 0.128125
0 0.663281 0.432031 0.160938 0.145313
0 0.849219 0.503906 0.160938 0.145313
0 0.566406 0.528125 0.204687 0.178125
0 0.896094 0.273438 0.129688 0.146875
0 0.044531 0.419531 0.085938 0.207813
0 0.253906 0.198437 0.232813 0.143750
0 0.428125 0.583594 0.134375 0.132812
0 0.339062 0.640625 0.165625 0.143750
0 0.580469 0.405469 0.160938 0.145313
