1 0.453125 0.419531 0.303125 0.301563
0 0.117969 0.671875 0.182812 0.162500
0 0.186719 0.789844 0.173437 0.167187
0 0.272656 0.724219 0.173437 0.167187
0 0.334375 0.624219 0.140625 0.170313
0 0.368750 0.664844 0.140625 0.170313
0 0.403125 0.686719 0.140625 0.170313
0 0.456250 0.702344 0.140625 0.170313
0 0.856250 0.673438 0.165625 0.159375
0 0.917188 0.784375 0.165625 0.159375
0 0.879687 0.215625 0.165625 0.159375
0 0.901563 0.278125 0.193750 0.168750
0 0.125000 0.403125 0.193750 0.168750
0 0.206250 0.307812 0.193750 0.168750
0 0.126562 0.254688 0.193750 0.168750
0 0.517188 0.181250 0.190625 0.109375
0 0.464062 0.833594 0.134375 0.082812
0 0.530469 0.839063 0.129688 0.071875
