0 0.122656 0.707812 0.182812 0.184375
0 0.533594 0.314844 0.148438 0.160938
0 0.358594 0.226562 0.192188 0.146875
0 0.674219 0.282813 0.167187 0.150000
0 0.641406 0.798438 0.167187 0.150000
0 0.689844 0.534375 0.167187 0.150000
0 0.682031 0.459375 0.167187 0.150000
0 0.872656 0.328906 0.170313 0.201563
0 0.242188 0.251563 0.146875 0.165625
0 0.356250 0.743750 0.146875 0.165625
0 0.769531 0.690625 0.179688 0.162500
2 0.569531 0.638281 0.057813 0.048438
2 0.503125 0.729688 0.056250 0.059375
2 0.142187 0.299219 0.065625 0.064062
1 0.270313 0.504687 0.356250 0.362500
