0 0.665625 0.639062 0.171875 0.159375
0 0.917188 0.460156 0.153125 0.148438
0 0.856250 0.296875 0.159375 0.153125
0 0.231250 0.549219 0.134375 0.157812
0 0.417969 0.736719 0.132812 0.132812
0 0.170313 0.611719 0.134375 0.142187
0 0.072656 0.182031 0.142187 0.110937
0 0.113281 0.427344 0.129688 0.129688
0 0.658594 0.435156 0.139063 0.142187
0 0.496875 0.253906 0.193750 0.170313
0 0.170313 0.278906 0.143750 0.173437
0 0.730469 0.304688 0.154688 0.159375
0 0.549219 0.763281 0.139063 0.142187
1 0.420312 0.469531 0.284375 0.282813
2 0.078906 0.799219 0.067187 0.054688
