0 0.850781 0.378125 0.179688 0.175000
0 0.847656 0.551562 0.179688 0.175000
0 0.084375 0.717969 0.165625 0.176563
0 0.778125 0.701562 0.159375 0.146875
0 0.437500 0.285938 0.159375 0.146875
0 0.060937 0.176563 0.118750 0.100000
0 0.584375 0.611719 0.159375 0.120313
0 0.301563 0.597656 0.159375 0.120313
0 0.425000 0.416406 0.159375 0.120313
0 0.610938 0.185938 0.159375 0.118750
0 0.369531 0.743750 0.160938 0.137500
0 0.199219 0.354687 0.160938 0.137500
0 0.707031 0.375000 0.167187 0.165625
0 0.656250 0.776563 0.184375 0.162500
0 0.413281 0.620313 0.117188 0.112500
1 0.095312 0.527344 0.187500 0.182812
2 0.851562 0.611719 0.040625 0.042188
