0 0.205469 0.668750 0.139063 0.150000
0 0.558594 0.486719 0.182812 0.160938
0 0.932031 0.555469 0.135937 0.145313
0 0.876563 0.427344 0.162500 0.160938
0 0.862500 0.204687 0.165625 0.156250
0 0.790625 0.300781 0.165625 0.157812
0 0.917188 0.294531 0.165625 0.157812
0 0.728906 0.578906 0.182812 0.160938
0 0.583594 0.789062 0.139063 0.146875
0 0.839844 0.810937 0.145313 0.128125
0 0.707031 0.810937 0.145313 0.128125
0 0.082031 0.810937 0.145313 0.128125
0 0.302344 0.243750 0.129688 0.165625
1 0.106250 0.253125 0.193750 0.225000
2 0.553906 0.210938 0.073438 0.062500
