2 0.700781 0.457031 0.092188 0.073438
1 0.646094 0.758594 0.192188 0.129688
0 0.436719 0.363281 0.167187 0.167187
0 0.714844 0.247656 0.167187 0.167187
0 0.882031 0.267969 0.167187 0.167187
0 0.797656 0.530469 0.167187 0.167187
0 0.830469 0.786719 0.167187 0.167187
0 0.532031 0.580469 0.167187 0.167187
2 0.607812 0.685156 0.053125 0.048438
0 0.146094 0.641406 0.167187 0.167187
0 0.062500 0.637500 0.121875 0.159375
0 0.208594 0.467969 0.167187 0.167187
0 0.307031 0.591406 0.167187 0.167187
0 0.308594 0.780469 0.167187 0.167187
0 0.305469 0.777344 0.167187 0.167187
0 0.253906 0.272656 0.167187 0.167187
0 0.802344 0.300781 0.167187 0.167187
0 0.945312 0.603906 0.109375 0.157812
0 0.179688 0.799219 0.168750 0.151562
0 0.083594 0.408594 0.164062 0.167187
0 0.147656 0.200000 0.170313 0.146875
0 0.342969 0.200000 0.170313 0.146875
2 0.152344 0.350781 0.054688 0.051562
