0 0.636719 0.204687 0.170313 0.156250
0 0.545312 0.385156 0.165625 0.214062
0 0.567969 0.629687 0.189062 0.184375
0 0.171875 0.325781 0.190625 0.207813
0 0.393750 0.232813 0.146875 0.150000
0 0.939063 0.192969 0.121875 0.132812
0 0.363281 0.481250 0.185938 0.178125
0 0.921875 0.616406 0.156250 0.142187
0 0.896094 0.735156 0.185938 0.151562
0 0.536719 0.800000 0.123438 0.150000
0 0.948438 0.465625 0.103125 0.187500
0 0.054688 0.743750 0.106250 0.184375
0 0.055469 0.403125 0.107813 0.143750
0 0.473438 0.217188 0.146875 0.150000
1 0.777344 0.350781 0.232813 0.214062
