0 0.709375 0.356250 0.215625 0.156250
0 0.689844 0.456250 0.179688 0.150000
0 0.253906 0.392188 0.192188 0.159375
0 0.284375 0.739844 0.162500 0.154688
0 0.324219 0.797656 0.145313 0.154688
0 0.107031 0.571875 0.170313 0.181250
0 0.563281 0.673438 0.170313 0.181250
0 0.908594 0.378125 0.157812 0.184375
0 0.847656 0.578125 0.157812 0.178125
0 0.647656 0.621875 0.157812 0.178125
0 0.491406 0.307812 0.157812 0.178125
0 0.482812 0.492188 0.187500 0.190625
1 0.664062 0.208594 0.443750 0.164062
0 0.242969 0.202344 0.145313 0.151562
0 0.283594 0.304688 0.145313 0.153125
0 0.835938 0.792188 0.171875 0.165625
