0 0.503906 0.207031 0.170313 0.148438
0 0.832031 0.353906 0.170313 0.148438
0 0.266406 0.800781 0.170313 0.148438
0 0.584375 0.392188 0.203125 0.171875
0 0.680469 0.289062 0.167187 0.137500
0 0.641406 0.194531 0.176563 0.135937
0 0.360156 0.317969 0.170313 0.148438
0 0.336719 0.410938 0.160938 0.175000
0 0.765625 0.675781 0.184375 0.179688
0 0.733594 0.820312 0.170313 0.109375
0 0.567969 0.814844 0.198437 0.120313
0 0.943750 0.466406 0.112500 0.157812
0 0.133594 0.729688 0.142187 0.146875
0 0.177344 0.465625 0.160938 0.209375
2 0.434375 0.771875 0.053125 0.062500
1 0.542969 0.600000 0.326562 0.300000
