0 0.098437 0.757812 0.187500 0.184375
0 0.351562 0.456250 0.187500 0.184375
0 0.652344 0.207031 0.182812 0.160938
0 0.513281 0.351562 0.182812 0.162500
0 0.694531 0.506250 0.173437 0.215625
0 0.936719 0.296094 0.126562 0.182812
0 0.860938 0.829688 0.184375 0.087500
0 0.142187 0.493750 0.187500 0.184375
0 0.316406 0.261719 0.167187 0.139063
0 0.467969 0.838281 0.167187 0.073438
0 0.717969 0.383594 0.204687 0.160938
0 0.817187 0.546875 0.168750 0.184375
2 0.484375 0.677344 0.046875 0.048438
2 0.151562 0.232813 0.056250 0.065625
1 0.628906 0.748437 0.264062 0.253125
