0 0.446094 0.568750 0.176563 0.143750
0 0.328125 0.439844 0.181250 0.173437
0 0.325000 0.436719 0.181250 0.173437
0 0.194531 0.513281 0.170313 0.160938
0 0.085938 0.189844 0.150000 0.126562
0 0.814063 0.241406 0.162500 0.145313
0 0.851562 0.417187 0.159375 0.156250
0 0.107813 0.671875 0.131250 0.140625
0 0.135937 0.359375 0.131250 0.140625
0 0.115625 0.493750 0.131250 0.140625
0 0.581250 0.616406 0.103125 0.164062
0 0.646875 0.285156 0.143750 0.135937
0 0.727344 0.410938 0.157812 0.134375
0 0.616406 0.821094 0.157812 0.104688
0 0.295312 0.592187 0.140625 0.153125
1 0.771875 0.639844 0.300000 0.317188
2 0.510156 0.753125 0.064062 0.059375
