0 0.724219 0.498437 0.204687 0.134375
0 0.744531 0.297656 0.189062 0.179688
0 0.924219 0.311719 0.151562 0.179688
0 0.517188 0.273438 0.162500 0.162500
0 0.375000 0.751563 0.162500 0.143750
0 0.503125 0.735938 0.118750 0.134375
0 0.608594 0.682031 0.157812 0.157812
0 0.717969 0.732031 0.195312 0.139063
0 0.775781 0.657031 0.195312 0.139063
0 0.073438 0.775000 0.143750 0.162500
0 0.203125 0.303125 0.187500 0.134375
0 0.383594 0.180469 0.189062 0.107813
0 0.948438 0.489844 0.103125 0.170313
1 0.373437 0.517969 0.387500 0.367188
2 0.074219 0.607812 0.073438 0.056250
