0 0.835938 0.391406 0.190625 0.189062
0 0.754687 0.625781 0.168750 0.192188
0 0.261719 0.426563 0.145313 0.162500
0 0.533594 0.245312 0.145313 0.162500
0 0.814844 0.205469 0.157812 0.157812
0 0.079687 0.650000 0.156250 0.159375
0 0.333594 0.573438 0.157812 0.159375
0 0.246094 0.690625 0.176563 0.153125
0 0.421094 0.703125 0.176563 0.153125
0 0.924219 0.650000 0.151562 0.156250
0 0.697656 0.295312 0.151562 0.156250
0 0.237500 0.787500 0.143750 0.115625
0 0.102344 0.234375 0.198437 0.156250
0 0.387500 0.382031 0.109375 0.207813
0 0.621875 0.763281 0.159375 0.160938
0 0.104688 0.477344 0.159375 0.160938
0 0.921094 0.814063 0.157812 0.121875
2 0.725781 0.832031 0.085938 0.082812
2 0.499219 0.767969 0.054688 0.035937
1 0.556250 0.510156 0.378125 0.339062
