1 0.317969 0.554688 0.270313 0.265625
2 0.171875 0.441406 0.065625 0.057813
2 0.134375 0.471094 0.065625 0.057813
2 0.550781 0.149219 0.060937 0.045312
0 0.219531 0.762500 0.192188 0.159375
0 0.871094 0.214844 0.195312 0.176563
0 0.647656 0.742188 0.192188 0.212500
0 0.792188 0.681250 0.181250 0.115625
0 0.542188 0.357812 0.175000 0.140625
0 0.417187 0.314063 0.175000 0.140625
0 0.410938 0.742188 0.175000 0.140625
0 0.487500 0.672656 0.184375 0.164062
0 0.925781 0.787500 0.145313 0.175000
0 0.858594 0.554688 0.210938 0.162500
0 0.876563 0.442188 0.181250 0.134375
0 0.673438 0.419531 0.181250 0.145313
0 0.267969 0.388281 0.198437 0.148438
0 0.124219 0.291406 0.198437 0.148438
