1 0.276562 0.746094 0.340625 0.257812
0 0.618750 0.761719 0.156250 0.145313
0 0.155469 0.498437 0.145313 0.187500
0 0.769531 0.812500 0.135937 0.125000
0 0.788281 0.393750 0.135937 0.125000
0 0.777344 0.648438 0.135937 0.125000
0 0.722656 0.645312 0.142187 0.156250
0 0.505469 0.744531 0.142187 0.170313
0 0.922656 0.297656 0.142187 0.151562
0 0.828906 0.342969 0.142187 0.151562
0 0.635938 0.456250 0.096875 0.128125
0 0.565625 0.475000 0.103125 0.146875
0 0.545312 0.302344 0.181250 0.170313
0 0.549219 0.178906 0.164062 0.104688
0 0.621094 0.253125 0.160938 0.175000
0 0.292969 0.200000 0.167187 0.146875
0 0.077344 0.282813 0.151562 0.196875
0 0.329688 0.456250 0.143750 0.162500
0 0.804688 0.537500 0.159375 0.171875
