0 0.284375 0.507031 0.181250 0.154688
0 0.367969 0.633594 0.167187 0.139063
0 0.364844 0.630469 0.167187 0.139063
0 0.624219 0.522656 0.176563 0.173437
0 0.760156 0.637500 0.195312 0.159375
0 0.360938 0.371875 0.159375 0.162500
0 0.442969 0.752344 0.142187 0.154688
0 0.617188 0.714063 0.193750 0.190625
0 0.746875 0.371094 0.131250 0.157812
0 0.082812 0.324219 0.162500 0.157812
0 0.064844 0.453906 0.126562 0.167187
0 0.127344 0.594531 0.182812 0.157812
0 0.893750 0.310937 0.175000 0.153125
0 0.310156 0.236719 0.170313 0.160938
1 0.549219 0.278906 0.335938 0.304688
