0 0.682031 0.382812 0.192188 0.156250
0 0.529687 0.637500 0.187500 0.200000
0 0.786719 0.512500 0.176563 0.184375
0 0.294531 0.736719 0.210938 0.157812
0 0.059375 0.394531 0.115625 0.223438
0 0.606250 0.225000 0.203125 0.181250
0 0.772656 0.218750 0.132812 0.184375
0 0.923438 0.626563 0.153125 0.193750
0 0.929688 0.403906 0.140625 0.170313
0 0.932031 0.192188 0.135937 0.131250
0 0.571094 0.794531 0.185938 0.160938
2 0.814063 0.392969 0.046875 0.048438
2 0.642969 0.500781 0.082812 0.073438
1 0.428125 0.406250 0.306250 0.275000
