0 0.179688 0.758594 0.150000 0.145313
0 0.604688 0.802344 0.150000 0.145313
0 0.724219 0.710938 0.176563 0.146875
0 0.771875 0.554688 0.156250 0.143750
0 0.735938 0.397656 0.159375 0.151562
0 0.618750 0.518750 0.137500 0.156250
0 0.271094 0.361719 0.170313 0.148438
0 0.538281 0.329688 0.179688 0.178125
0 0.160156 0.230469 0.173437 0.173437
0 0.385156 0.212500 0.192188 0.171875
0 0.152344 0.478906 0.170313 0.148438
0 0.085938 0.539844 0.168750 0.148438
0 0.413281 0.465625 0.176563 0.162500
0 0.838281 0.246875 0.179688 0.178125
0 0.908594 0.438281 0.164062 0.167187
0 0.902344 0.791406 0.164062 0.167187
0 0.931250 0.596094 0.137500 0.157812
0 0.556250 0.187500 0.159375 0.121875
1 0.408594 0.700781 0.339062 0.329688
