0 0.440625 0.422656 0.175000 0.154688
0 0.392188 0.278125 0.212500 0.181250
0 0.598437 0.429688 0.175000 0.162500
0 0.871875 0.659375 0.165625 0.159375
0 0.915625 0.802344 0.162500 0.145313
0 0.338281 0.814063 0.160938 0.121875
0 0.517188 0.658594 0.181250 0.151562
0 0.075000 0.198437 0.146875 0.143750
0 0.724219 0.590625 0.167187 0.193750
0 0.630469 0.212500 0.170313 0.171875
0 0.939063 0.327344 0.121875 0.182812
0 0.897656 0.489063 0.154688 0.184375
0 0.260937 0.479687 0.184375 0.181250
2 0.401562 0.161719 0.075000 0.070312
1 0.679688 0.777344 0.331250 0.195312
