0 0.695312 0.550000 0.156250 0.156250
0 0.144531 0.381250 0.142187 0.150000
0 0.282031 0.371875 0.126562 0.165625
0 0.203125 0.771875 0.146875 0.131250
0 0.771094 0.664844 0.076563 0.229687
0 0.910937 0.650000 0.150000 0.146875
0 0.646094 0.691406 0.189062 0.167187
0 0.828125 0.345313 0.146875 0.140625
0 0.903906 0.328125 0.154688 0.134375
0 0.631250 0.305469 0.146875 0.151562
0 0.096875 0.600781 0.134375 0.148438
0 0.088281 0.673438 0.142187 0.143750
0 0.500781 0.365625 0.117188 0.162500
1 0.367188 0.664062 0.337500 0.293750
