1 0.480469 0.565625 0.223438 0.221875
0 0.325000 0.417187 0.156250 0.146875
0 0.214844 0.725781 0.185938 0.157812
0 0.057031 0.421094 0.110937 0.164062
0 0.144531 0.342187 0.185938 0.156250
0 0.175781 0.226562 0.185938 0.156250
0 0.579688 0.198437 0.109375 0.143750
0 0.561719 0.321094 0.195312 0.148438
0 0.450000 0.333594 0.200000 0.179688
0 0.428906 0.796875 0.185938 0.156250
0 0.627344 0.668750 0.142187 0.140625
0 0.685156 0.531250 0.142187 0.140625
0 0.775781 0.817187 0.151562 0.115625
0 0.769531 0.205469 0.192188 0.157812
2 0.599219 0.763281 0.067187 0.060937
2 0.397656 0.686719 0.067187 0.060937
0 0.915625 0.662500 0.137500 0.171875
0 0.952344 0.411719 0.095312 0.164062
0 0.892969 0.317188 0.145313 0.165625
