0 0.395313 0.672656 0.212500 0.167187
0 0.547656 0.782813 0.142187 0.159375
0 0.827344 0.760156 0.164062 0.164062
0 0.669531 0.686719 0.164062 0.164062
0 0.694531 0.532031 0.164062 0.164062
0 0.564063 0.277344 0.184375 0.167187
0 0.381250 0.389844 0.184375 0.192188
0 0.671875 0.418750 0.178125 0.171875
0 0.371094 0.210938 0.189062 0.168750
0 0.184375 0.210938 0.206250 0.103125
0 0.914062 0.290625 0.171875 0.128125
0 0.924219 0.382812 0.151562 0.153125
0 0.857031 0.178125 0.148438 0.103125
0 0.658594 0.178125 0.148438 0.103125
1 0.150781 0.538281 0.298438 0.317188
2 0.285938 0.659375 0.068750 0.068750
