0 0.590625 0.366406 0.146875 0.139063
0 0.419531 0.711719 0.176563 0.179688
0 0.312500 0.305469 0.193750 0.192188
0 0.219531 0.205469 0.123438 0.110937
0 0.512500 0.231250 0.162500 0.168750
0 0.764062 0.347656 0.140625 0.145313
0 0.914844 0.690625 0.170313 0.165625
0 0.936719 0.533594 0.126562 0.154688
0 0.796094 0.555469 0.145313 0.148438
0 0.920312 0.366406 0.156250 0.148438
0 0.804688 0.829688 0.156250 0.090625
0 0.775000 0.696875 0.159375 0.153125
0 0.078125 0.461719 0.153125 0.179688
0 0.532813 0.446875 0.159375 0.162500
1 0.202344 0.579688 0.351562 0.334375
2 0.414844 0.342969 0.064062 0.057813
