0 0.317969 0.425781 0.145313 0.164062
0 0.073438 0.533594 0.143750 0.164062
0 0.188281 0.682813 0.148438 0.181250
0 0.635156 0.750000 0.148438 0.150000
0 0.665625 0.421875 0.146875 0.178125
0 0.512500 0.399219 0.150000 0.167187
0 0.623437 0.567187 0.159375 0.168750
0 0.729688 0.575000 0.159375 0.168750
0 0.778125 0.779687 0.159375 0.168750
0 0.571875 0.175781 0.156250 0.098437
0 0.124219 0.300000 0.167187 0.168750
0 0.739844 0.189062 0.157812 0.125000
0 0.857812 0.177344 0.159375 0.101562
1 0.380469 0.643750 0.292187 0.293750
