0 0.668750 0.498437 0.146875 0.150000
0 0.311719 0.436719 0.173437 0.154688
0 0.266406 0.551562 0.173437 0.184375
0 0.727344 0.598437 0.173437 0.184375
0 0.866406 0.411719 0.145313 0.173437
0 0.755469 0.228906 0.157812 0.170313
0 0.921094 0.771094 0.157812 0.170313
0 0.925781 0.609375 0.148438 0.146875
0 0.155469 0.714063 0.148438 0.146875
0 0.546094 0.229687 0.182812 0.140625
0 0.443750 0.766406 0.184375 0.154688
0 0.692187 0.813281 0.184375 0.123438
0 0.130469 0.178125 0.176563 0.103125
0 0.918750 0.185938 0.162500 0.118750
0 0.288281 0.739062 0.148438 0.171875
1 0.475000 0.573438 0.250000 0.181250
2 0.550000 0.390625 0.050000 0.043750
2 0.627344 0.252344 0.051562 0.048438
