0 0.158594 0.667188 0.117188 0.212500
0 0.273438 0.389844 0.178125 0.154688
0 0.072656 0.480469 0.142187 0.154688
0 0.413281 0.678125 0.160938 0.156250
0 0.412500 0.805469 0.153125 0.139063
0 0.789844 0.575000 0.160938 0.146875
0 0.569531 0.477344 0.176563 0.148438
0 0.528125 0.285938 0.168750 0.175000
0 0.815625 0.178906 0.162500 0.104688
0 0.687500 0.267969 0.153125 0.148438
0 0.677344 0.428906 0.145313 0.182812
0 0.912500 0.620313 0.131250 0.143750
0 0.089063 0.252344 0.150000 0.167187
0 0.237500 0.200000 0.153125 0.146875
0 0.377344 0.189062 0.135937 0.125000
2 0.017188 0.591406 0.031250 0.054688
2 0.630469 0.545312 0.064062 0.046875
1 0.686719 0.749219 0.404687 0.251563
