1 0.611719 0.255469 0.279687 0.257812
0 0.370312 0.357031 0.218750 0.151562
0 0.413281 0.175781 0.170313 0.098437
0 0.937500 0.325781 0.121875 0.170313
0 0.281250 0.242969 0.156250 0.154688
0 0.185938 0.489063 0.140625 0.137500
0 0.545312 0.446875 0.140625 0.137500
0 0.637500 0.448437 0.140625 0.137500
0 0.710938 0.431250 0.140625 0.137500
0 0.742188 0.398438 0.140625 0.137500
0 0.825000 0.364063 0.140625 0.137500
0 0.915625 0.625000 0.140625 0.137500
0 0.946875 0.490625 0.106250 0.165625
0 0.516406 0.831250 0.139063 0.087500
0 0.569531 0.566406 0.176563 0.132812
0 0.364844 0.725000 0.139063 0.121875
0 0.070312 0.557031 0.137500 0.198437
0 0.194531 0.727344 0.179688 0.192188
0 0.115625 0.291406 0.178125 0.192188
0 0.105469 0.192969 0.145313 0.132812
0 0.450000 0.489063 0.140625 0.137500
0 0.446875 0.598437 0.140625 0.137500
