0 0.312500 0.737500 0.203125 0.190625
0 0.693750 0.404687 0.203125 0.190625
0 0.876563 0.335938 0.203125 0.190625
0 0.919531 0.546875 0.160938 0.162500
0 0.874219 0.715625 0.170313 0.175000
0 0.710156 0.779687 0.170313 0.175000
0 0.532031 0.782813 0.170313 0.175000
0 0.511719 0.642188 0.217188 0.156250
0 0.093750 0.437500 0.184375 0.190625
0 0.267188 0.572656 0.187500 0.142187
0 0.539062 0.235937 0.146875 0.159375
0 0.108594 0.289844 0.182812 0.167187
0 0.377344 0.186719 0.157812 0.120313
0 0.725781 0.186719 0.157812 0.120313
1 0.420312 0.408594 0.440625 0.357812
