0 0.514844 0.388281 0.176563 0.167187
0 0.175781 0.369531 0.176563 0.167187
0 0.728125 0.290625 0.162500 0.200000
0 0.918750 0.340625 0.162500 0.200000
0 0.821875 0.526563 0.162500 0.200000
0 0.809375 0.751563 0.162500 0.200000
0 0.737500 0.775000 0.162500 0.200000
0 0.413281 0.480469 0.154688 0.167187
0 0.671094 0.491406 0.154688 0.167187
0 0.078125 0.308594 0.153125 0.167187
0 0.600000 0.193750 0.187500 0.134375
0 0.353125 0.180469 0.200000 0.107813
0 0.338281 0.464844 0.135937 0.164062
0 0.285156 0.505469 0.135937 0.164062
0 0.228906 0.536719 0.135937 0.164062
0 0.113281 0.567969 0.135937 0.164062
2 0.294531 0.253906 0.057813 0.054688
2 0.038281 0.778906 0.057813 0.054688
2 0.222656 0.628906 0.057813 0.054688
1 0.524219 0.725000 0.329688 0.300000
0 0.302344 0.688281 0.132812 0.195312
0 0.185156 0.215625 0.173437 0.121875
