0 0.626563 0.496094 0.171875 0.129688
0 0.465625 0.605469 0.171875 0.129688
0 0.454688 0.471875 0.162500 0.150000
0 0.443750 0.194531 0.162500 0.135937
0 0.246094 0.208594 0.167187 0.164062
0 0.557813 0.298438 0.181250 0.159375
0 0.868750 0.246094 0.178125 0.154688
0 0.092188 0.648438 0.162500 0.150000
0 0.409375 0.773438 0.162500 0.150000
0 0.851562 0.353125 0.162500 0.150000
0 0.746875 0.178125 0.106250 0.103125
0 0.085156 0.816406 0.126562 0.117188
0 0.300000 0.625000 0.134375 0.128125
0 0.271875 0.782031 0.115625 0.120313
1 0.587500 0.756250 0.234375 0.181250
2 0.592969 0.628906 0.067187 0.070312
2 0.422656 0.296094 0.067187 0.070312
