0 0.116406 0.661719 0.160938 0.154688
0 0.413281 0.377344 0.129688 0.132812
0 0.860156 0.419531 0.160938 0.148438
0 0.263281 0.280469 0.160938 0.148438
0 0.819531 0.591406 0.164062 0.173437
0 0.934375 0.744531 0.131250 0.132812
0 0.804688 0.816406 0.153125 0.117188
0 0.552344 0.839063 0.160938 0.071875
0 0.335938 0.844531 0.156250 0.060937
0 0.068750 0.285938 0.134375 0.128125
1 0.434375 0.627344 0.243750 0.232813
0 0.256250 0.664062 0.131250 0.159375
0 0.237500 0.539062 0.131250 0.159375
0 0.627344 0.450781 0.139063 0.173437
0 0.521094 0.360156 0.142187 0.148438
