0 0.710156 0.217188 0.179688 0.181250
0 0.302344 0.637500 0.179688 0.181250
0 0.467969 0.637500 0.179688 0.181250
0 0.628125 0.739844 0.209375 0.182812
0 0.800000 0.666406 0.146875 0.176563
0 0.146875 0.322656 0.175000 0.151562
0 0.529687 0.178906 0.143750 0.104688
0 0.710156 0.403125 0.179688 0.181250
0 0.057813 0.465625 0.112500 0.178125
2 0.120313 0.814844 0.106250 0.095312
2 0.342969 0.794531 0.060937 0.064062
2 0.159375 0.439063 0.071875 0.084375
2 0.975781 0.351562 0.048438 0.075000
1 0.375000 0.325781 0.312500 0.317188
