0 0.446094 0.765625 0.164062 0.131250
0 0.626563 0.797656 0.171875 0.142187
0 0.462500 0.310156 0.171875 0.142187
0 0.481250 0.192188 0.181250 0.131250
0 0.259375 0.705469 0.187500 0.176563
0 0.533594 0.440625 0.164062 0.131250
0 0.628906 0.360938 0.164062 0.131250
0 0.244531 0.221875 0.164062 0.131250
0 0.085156 0.549219 0.167187 0.157812
0 0.953906 0.796094 0.089063 0.157812
0 0.796094 0.771875 0.164062 0.131250
0 0.939844 0.228906 0.120313 0.145313
0 0.550000 0.632031 0.150000 0.195312
2 0.414062 0.590625 0.081250 0.071875
2 0.242188 0.578125 0.106250 0.093750
2 0.125781 0.348438 0.073438 0.075000
2 0.023438 0.603906 0.043750 0.064062
1 0.764062 0.562500 0.381250 0.356250
