0 0.266406 0.728125 0.173437 0.128125
0 0.088281 0.685937 0.173437 0.128125
0 0.475781 0.791406 0.123438 0.154688
0 0.108594 0.346094 0.189062 0.164062
0 0.225781 0.466406 0.189062 0.164062
0 0.874219 0.475781 0.189062 0.164062
0 0.767969 0.455469 0.189062 0.164062
0 0.524219 0.505469 0.151562 0.126562
0 0.145313 0.199219 0.190625 0.145313
0 0.893750 0.312500 0.128125 0.162500
0 0.917969 0.739844 0.160938 0.192188
0 0.684375 0.818750 0.156250 0.112500
2 0.369531 0.271875 0.060937 0.065625
2 0.844531 0.219531 0.067187 0.076563
1 0.553906 0.260937 0.323437 0.268750
