1 0.319531 0.406250 0.235937 0.221875
0 0.214844 0.564063 0.170313 0.159375
0 0.544531 0.591406 0.142187 0.189062
0 0.485938 0.601562 0.109375 0.187500
0 0.435937 0.639062 0.109375 0.187500
0 0.396875 0.667188 0.109375 0.187500
0 0.351562 0.673438 0.109375 0.187500
0 0.775781 0.546875 0.170313 0.159375
0 0.696094 0.528125 0.170313 0.159375
0 0.816406 0.678125 0.170313 0.159375
0 0.949219 0.722656 0.101562 0.160938
0 0.943750 0.339062 0.112500 0.150000
0 0.915625 0.257812 0.168750 0.153125
0 0.636719 0.327344 0.179688 0.173437
0 0.555469 0.196875 0.182812 0.140625
0 0.633594 0.788281 0.179688 0.173437
0 0.361719 0.803906 0.170313 0.142187
0 0.180469 0.244531 0.148438 0.170313
0 0.382031 0.195312 0.145313 0.137500
