0 0.096094 0.754687 0.179688 0.153125
0 0.149219 0.597656 0.207813 0.217188
0 0.150000 0.469531 0.178125 0.145313
0 0.268750 0.489063 0.106250 0.203125
0 0.099219 0.187500 0.129688 0.121875
0 0.486719 0.283594 0.160938 0.173437
0 0.666406 0.214844 0.135937 0.132812
0 0.349219 0.355469 0.170313 0.135937
0 0.396094 0.548438 0.185938 0.137500
0 0.339844 0.710938 0.179688 0.178125
0 0.450781 0.714063 0.179688 0.178125
0 0.646094 0.694531 0.179688 0.198437
0 0.207031 0.293750 0.120313 0.206250
0 0.085156 0.333594 0.160938 0.142187
0 0.281250 0.215625 0.153125 0.171875
0 0.925781 0.492969 0.148438 0.214062
0 0.807813 0.828125 0.187500 0.093750
2 0.750000 0.703125 0.062500 0.071875
1 0.658594 0.482031 0.357812 0.314063
