0 0.579688 0.801562 0.131250 0.146875
0 0.271875 0.754687 0.153125 0.150000
0 0.077344 0.717187 0.151562 0.150000
0 0.198437 0.615625 0.153125 0.150000
0 0.115625 0.189844 0.156250 0.126562
0 0.335156 0.207031 0.179688 0.160938
0 0.517188 0.210938 0.150000 0.168750
0 0.896875 0.174219 0.159375 0.095312
0 0.900781 0.362500 0.164062 0.162500
0 0.917969 0.775000 0.164062 0.162500
0 0.641406 0.638281 0.192188 0.173437
0 0.557031 0.500781 0.192188 0.173437
0 0.134375 0.441406 0.168750 0.142187
0 0.394531 0.584375 0.189062 0.171875
1 0.675000 0.332813 0.331250 0.303125
