1 0.697656 0.546875 0.301563 0.278125
1 0.600000 0.774219 0.231250 0.201563
2 0.848437 0.680469 0.059375 0.067187
2 0.110937 0.291406 0.059375 0.067187
0 0.301563 0.437500 0.206250 0.218750
0 0.235937 0.682031 0.168750 0.182812
0 0.084375 0.741406 0.165625 0.182812
0 0.184375 0.817969 0.175000 0.114062
0 0.875000 0.202344 0.131250 0.151562
0 0.821875 0.238281 0.131250 0.173437
0 0.772656 0.264844 0.132812 0.173437
0 0.705469 0.296094 0.132812 0.173437
0 0.625781 0.342969 0.132812 0.173437
0 0.933594 0.652344 0.132812 0.173437
0 0.946094 0.762500 0.107813 0.175000
0 0.216406 0.242969 0.114062 0.164062
0 0.288281 0.240625 0.129688 0.162500
0 0.507812 0.232031 0.146875 0.164062
0 0.411719 0.659375 0.176563 0.184375
