1 0.310156 0.450000 0.223438 0.203125
1 0.565625 0.784375 0.234375 0.181250
0 0.320312 0.799219 0.162500 0.151562
0 0.154688 0.760156 0.162500 0.151562
0 0.210938 0.702344 0.162500 0.151562
0 0.600000 0.439844 0.162500 0.151562
0 0.710156 0.560156 0.185938 0.157812
0 0.899219 0.809375 0.173437 0.131250
0 0.934375 0.689844 0.131250 0.132812
0 0.900000 0.590625 0.168750 0.137500
0 0.884375 0.490625 0.168750 0.137500
0 0.917188 0.311719 0.165625 0.192188
0 0.817187 0.181250 0.218750 0.109375
2 0.421094 0.755469 0.089063 0.070312
2 0.201563 0.543750 0.059375 0.065625
2 0.565625 0.326562 0.059375 0.065625
2 0.668750 0.295312 0.059375 0.065625
0 0.551562 0.530469 0.162500 0.151562
0 0.473438 0.613281 0.162500 0.151562
0 0.131250 0.202344 0.178125 0.151562
0 0.071875 0.300781 0.140625 0.148438
0 0.160156 0.296094 0.142187 0.148438
0 0.074219 0.606250 0.145313 0.193750
0 0.703125 0.485938 0.134375 0.118750
