0 0.102344 0.570312 0.151562 0.156250
0 0.403906 0.628125 0.151562 0.156250
0 0.601562 0.415625 0.187500 0.162500
0 0.507812 0.292969 0.171875 0.157812
0 0.346094 0.192969 0.192188 0.132812
0 0.381250 0.442188 0.168750 0.156250
0 0.753125 0.796094 0.168750 0.157812
0 0.829688 0.510156 0.168750 0.157812
0 0.829688 0.214062 0.137500 0.128125
0 0.889062 0.379688 0.137500 0.128125
0 0.090625 0.718750 0.178125 0.184375
0 0.262500 0.682813 0.178125 0.153125
1 0.642969 0.628906 0.220312 0.195312
2 0.508594 0.683594 0.060937 0.048438
2 0.712500 0.462500 0.056250 0.056250
