0 0.639062 0.372656 0.156250 0.179688
0 0.705469 0.771875 0.179688 0.153125
0 0.757812 0.484375 0.187500 0.181250
0 0.807813 0.642188 0.181250 0.128125
0 0.164844 0.804688 0.151562 0.140625
0 0.076563 0.564844 0.150000 0.151562
0 0.076563 0.399219 0.150000 0.151562
0 0.520312 0.245312 0.193750 0.175000
0 0.372656 0.382812 0.167187 0.171875
0 0.217969 0.348438 0.167187 0.171875
0 0.258594 0.262500 0.167187 0.171875
0 0.940625 0.475000 0.118750 0.156250
0 0.228906 0.531250 0.148438 0.150000
1 0.453125 0.569531 0.346875 0.345313
