1 0.307812 0.644531 0.281250 0.282813
0 0.410938 0.371094 0.175000 0.160938
0 0.346875 0.408594 0.175000 0.160938
0 0.706250 0.472656 0.146875 0.160938
0 0.848437 0.371094 0.175000 0.160938
0 0.925781 0.705469 0.148438 0.176563
0 0.480469 0.789062 0.148438 0.171875
0 0.069531 0.614062 0.135937 0.146875
0 0.078125 0.421875 0.153125 0.162500
0 0.171875 0.342187 0.156250 0.162500
0 0.570312 0.246875 0.200000 0.178125
0 0.696094 0.303125 0.151562 0.168750
0 0.923438 0.587500 0.150000 0.168750
0 0.659375 0.467187 0.096875 0.159375
0 0.733594 0.188281 0.151562 0.123438
0 0.825781 0.188281 0.151562 0.123438
2 0.281250 0.294531 0.056250 0.054688
0 0.804688 0.617969 0.146875 0.160938
0 0.247656 0.192969 0.160938 0.132812
0 0.214844 0.801562 0.210938 0.137500
