0 0.132812 0.462500 0.171875 0.150000
0 0.094531 0.256250 0.151562 0.153125
0 0.126562 0.753125 0.175000 0.156250
0 0.257812 0.700000 0.175000 0.156250
0 0.336719 0.594531 0.179688 0.189062
0 0.463281 0.739844 0.151562 0.148438
0 0.627344 0.651563 0.160938 0.140625
0 0.609375 0.301563 0.190625 0.171875
0 0.367188 0.204687 0.203125 0.156250
0 0.347656 0.369531 0.170313 0.145313
0 0.387500 0.423438 0.140625 0.121875
0 0.723437 0.185156 0.234375 0.117188
0 0.907031 0.532813 0.176563 0.125000
0 0.799219 0.380469 0.129688 0.129688
0 0.872656 0.355469 0.148438 0.167187
1 0.868750 0.721875 0.262500 0.287500
2 0.699219 0.541406 0.107813 0.114062
2 0.141406 0.335938 0.070312 0.068750
2 0.215625 0.194531 0.081250 0.060937
