0 0.882031 0.465625 0.145313 0.156250
0 0.763281 0.347656 0.195312 0.173437
0 0.869531 0.678906 0.170313 0.176563
0 0.485156 0.595313 0.189062 0.175000
0 0.178125 0.374219 0.175000 0.173437
0 0.689063 0.614062 0.196875 0.171875
0 0.428125 0.392969 0.143750 0.142187
0 0.335938 0.319531 0.143750 0.142187
0 0.074219 0.190625 0.142187 0.128125
0 0.107031 0.548438 0.164062 0.131250
0 0.095312 0.617188 0.168750 0.162500
0 0.628906 0.447656 0.167187 0.248438
0 0.782031 0.185938 0.195312 0.118750
0 0.419531 0.297656 0.129688 0.123438
2 0.678906 0.772656 0.067187 0.057813
2 0.555469 0.482812 0.067187 0.059375
2 0.307031 0.426563 0.051562 0.075000
2 0.156250 0.176563 0.068750 0.056250
1 0.300000 0.728906 0.356250 0.292187
