0 0.737500 0.315625 0.131250 0.125000
0 0.807031 0.180469 0.132812 0.107813
0 0.703125 0.172656 0.137500 0.092188
0 0.718750 0.461719 0.146875 0.154688
0 0.602344 0.230469 0.135937 0.132812
0 0.121875 0.450000 0.140625 0.156250
0 0.362500 0.486719 0.168750 0.170313
0 0.215625 0.639062 0.156250 0.162500
0 0.170313 0.731250 0.150000 0.146875
0 0.213281 0.228906 0.167187 0.157812
0 0.904687 0.796094 0.181250 0.157812
0 0.844531 0.381250 0.157812 0.159375
0 0.839063 0.584375 0.128125 0.153125
0 0.835938 0.581250 0.128125 0.153125
2 0.305469 0.776563 0.067187 0.075000
1 0.586719 0.689844 0.364063 0.320312
