0 0.182031 0.439844 0.151562 0.148438
0 0.052344 0.441406 0.101562 0.179688
0 0.422656 0.460938 0.198437 0.171875
0 0.761719 0.737500 0.164062 0.140625
0 0.917188 0.765625 0.162500 0.168750
0 0.778125 0.554688 0.162500 0.168750
0 0.897656 0.360156 0.204687 0.176563
0 0.793750 0.214062 0.162500 0.168750
0 0.634375 0.434375 0.162500 0.168750
0 0.348438 0.728125 0.168750 0.215625
0 0.179688 0.678125 0.159375 0.162500
0 0.195312 0.518750 0.159375 0.162500
0 0.279687 0.224219 0.118750 0.142187
0 0.566406 0.271875 0.145313 0.146875
0 0.641406 0.169531 0.170313 0.085938
0 0.127344 0.300000 0.145313 0.146875
0 0.192969 0.776563 0.179688 0.143750
1 0.553906 0.775000 0.335938 0.200000
