0 0.723437 0.292969 0.175000 0.157812
0 0.538281 0.300781 0.129688 0.157812
0 0.483594 0.813281 0.148438 0.123438
0 0.443750 0.500000 0.140625 0.165625
0 0.417969 0.283594 0.117188 0.142187
0 0.837500 0.610938 0.156250 0.175000
0 0.772656 0.746875 0.145313 0.134375
0 0.916406 0.814844 0.154688 0.120313
0 0.696094 0.835156 0.154688 0.079687
0 0.564844 0.650000 0.145313 0.134375
0 0.650000 0.608594 0.150000 0.160938
0 0.082031 0.799219 0.151562 0.151562
0 0.052344 0.625000 0.101562 0.181250
1 0.273438 0.698438 0.350000 0.312500
2 0.738281 0.385156 0.064062 0.060937
2 0.942969 0.553125 0.076563 0.062500
