1 0.177344 0.632812 0.282813 0.300000
1 0.585156 0.689844 0.423438 0.339062
0 0.340625 0.549219 0.159375 0.185938
0 0.186719 0.422656 0.157812 0.164062
0 0.132031 0.324219 0.129688 0.135937
0 0.494531 0.452344 0.129688 0.135937
0 0.550781 0.472656 0.129688 0.135937
0 0.482031 0.300781 0.129688 0.135937
0 0.544531 0.310156 0.129688 0.135937
0 0.594531 0.317969 0.129688 0.135937
0 0.785937 0.178906 0.146875 0.104688
0 0.580469 0.179688 0.179688 0.106250
0 0.398438 0.159375 0.171875 0.065625
0 0.090625 0.187500 0.131250 0.121875
0 0.737500 0.332031 0.206250 0.164062
0 0.937500 0.578906 0.125000 0.170313
0 0.946094 0.464062 0.107813 0.134375
0 0.942187 0.309375 0.115625 0.131250
