0 0.392969 0.725781 0.160938 0.151562
0 0.067969 0.779687 0.132812 0.153125
0 0.540625 0.364063 0.234375 0.125000
0 0.358594 0.576562 0.195312 0.125000
0 0.465625 0.232031 0.187500 0.139063
0 0.182812 0.215625 0.162500 0.159375
0 0.557813 0.600000 0.165625 0.165625
0 0.707812 0.546875 0.181250 0.156250
0 0.746094 0.680469 0.189062 0.160938
0 0.902344 0.372656 0.173437 0.173437
0 0.891406 0.500781 0.142187 0.173437
0 0.592187 0.819531 0.156250 0.110937
2 0.837500 0.789844 0.071875 0.064062
2 0.977344 0.615625 0.045312 0.046875
1 0.132031 0.422656 0.260937 0.307812
2 0.034375 0.167969 0.056250 0.045312
