0 0.794531 0.371094 0.167187 0.160938
0 0.849219 0.594531 0.167187 0.160938
0 0.924219 0.464062 0.151562 0.162500
0 0.943750 0.711719 0.112500 0.164062
0 0.575781 0.778125 0.182812 0.165625
0 0.559375 0.283594 0.187500 0.173437
0 0.393750 0.253906 0.153125 0.182812
0 0.691406 0.209375 0.151562 0.165625
0 0.060937 0.446875 0.118750 0.165625
0 0.053125 0.796094 0.103125 0.157812
0 0.071875 0.184375 0.140625 0.115625
0 0.238281 0.198437 0.179688 0.143750
0 0.147656 0.692969 0.179688 0.145313
1 0.457813 0.538281 0.328125 0.323437
2 0.471094 0.789062 0.045312 0.059375
