1 0.362500 0.598437 0.325000 0.275000
0 0.718750 0.475000 0.168750 0.150000
0 0.710938 0.323437 0.171875 0.168750
0 0.401562 0.339062 0.131250 0.156250
0 0.767188 0.673438 0.175000 0.153125
0 0.750000 0.754687 0.175000 0.153125
0 0.285938 0.790625 0.162500 0.137500
0 0.832812 0.450000 0.162500 0.137500
0 0.083594 0.725781 0.151562 0.154688
0 0.042188 0.364063 0.081250 0.162500
0 0.438281 0.792188 0.185938 0.115625
0 0.325000 0.191406 0.162500 0.129688
0 0.515625 0.267188 0.159375 0.168750
0 0.897656 0.193750 0.145313 0.134375
0 0.835156 0.210156 0.145313 0.135937
0 0.085938 0.592187 0.159375 0.168750
0 0.582812 0.732812 0.159375 0.168750
2 0.625781 0.223438 0.057813 0.050000
