0 0.135156 0.421875 0.185938 0.171875
0 0.389844 0.590625 0.179688 0.218750
0 0.197656 0.248438 0.185938 0.171875
0 0.517969 0.475781 0.154688 0.176563
0 0.502344 0.739062 0.157812 0.171875
0 0.191406 0.586719 0.173437 0.154688
0 0.185156 0.682031 0.173437 0.154688
0 0.610156 0.189062 0.170313 0.125000
0 0.846875 0.362500 0.153125 0.146875
0 0.734375 0.272656 0.115625 0.139063
0 0.805469 0.200000 0.123438 0.146875
0 0.933594 0.235937 0.132812 0.162500
0 0.517969 0.302344 0.160938 0.142187
0 0.671875 0.414844 0.187500 0.132812
2 0.396094 0.799219 0.076563 0.064062
2 0.252344 0.485156 0.067187 0.064062
2 0.439063 0.167187 0.059375 0.065625
2 0.683594 0.339062 0.057813 0.056250
1 0.700000 0.630469 0.368750 0.351562
