1 0.586719 0.557031 0.360938 0.310937
0 0.204687 0.727344 0.165625 0.154688
0 0.181250 0.572656 0.165625 0.154688
0 0.417187 0.767969 0.165625 0.154688
0 0.718750 0.747656 0.143750 0.145313
0 0.933594 0.758594 0.132812 0.154688
0 0.809375 0.821875 0.153125 0.106250
0 0.068750 0.726562 0.134375 0.162500
0 0.077344 0.817187 0.142187 0.115625
0 0.314063 0.318750 0.143750 0.156250
0 0.089844 0.317188 0.145313 0.121875
0 0.916406 0.264062 0.164062 0.156250
0 0.927344 0.507812 0.145313 0.156250
0 0.678906 0.220312 0.145313 0.156250
0 0.339844 0.476562 0.145313 0.156250
0 0.495312 0.190625 0.178125 0.128125
0 0.446875 0.332031 0.178125 0.129688
0 0.197656 0.421094 0.179688 0.142187
0 0.840625 0.407031 0.175000 0.154688
0 0.650000 0.332031 0.150000 0.135937
