0 0.666406 0.225000 0.164062 0.150000
0 0.830469 0.234375 0.164062 0.150000
0 0.677344 0.425000 0.164062 0.150000
0 0.422656 0.727344 0.176563 0.164062
0 0.310156 0.575000 0.185938 0.190625
0 0.288281 0.293750 0.148438 0.156250
0 0.778906 0.753125 0.185938 0.190625
0 0.684375 0.821875 0.159375 0.103125
0 0.889844 0.531250 0.185938 0.125000
0 0.111719 0.266406 0.182812 0.198437
0 0.426563 0.189844 0.140625 0.126562
0 0.323437 0.699219 0.184375 0.142187
0 0.609375 0.714844 0.168750 0.176563
1 0.446875 0.421875 0.318750 0.328125
