1 0.294531 0.561719 0.254688 0.210938
0 0.480469 0.346875 0.195312 0.175000
0 0.146094 0.456250 0.145313 0.146875
0 0.122656 0.324219 0.207813 0.160938
0 0.383594 0.744531 0.157812 0.157812
0 0.266406 0.763281 0.157812 0.157812
0 0.208594 0.760156 0.157812 0.157812
0 0.102344 0.760156 0.157812 0.157812
0 0.563281 0.686719 0.157812 0.157812
0 0.730469 0.678906 0.157812 0.157812
0 0.836719 0.511719 0.157812 0.157812
0 0.830469 0.213281 0.179688 0.170313
0 0.650000 0.200000 0.181250 0.146875
0 0.264062 0.200000 0.181250 0.146875
0 0.295312 0.319531 0.181250 0.148438
2 0.035937 0.187500 0.068750 0.065625
2 0.883594 0.607031 0.054688 0.048438
0 0.686719 0.479687 0.195312 0.175000
0 0.828906 0.805469 0.135937 0.139063
