0 0.285156 0.630469 0.189062 0.167187
0 0.097656 0.408594 0.189062 0.167187
0 0.469531 0.269531 0.189062 0.167187
0 0.637500 0.326562 0.168750 0.156250
0 0.767188 0.270313 0.168750 0.156250
0 0.839844 0.404687 0.167187 0.159375
0 0.264844 0.198437 0.160938 0.143750
0 0.451562 0.453125 0.187500 0.140625
0 0.925781 0.263281 0.148438 0.148438
0 0.575781 0.504687 0.173437 0.146875
0 0.407813 0.556250 0.171875 0.165625
0 0.357031 0.731250 0.148438 0.156250
0 0.792188 0.532813 0.209375 0.106250
1 0.691406 0.688281 0.245312 0.223438
2 0.452344 0.796875 0.057813 0.053125
2 0.872656 0.692969 0.048438 0.045312
