1 0.422656 0.646875 0.232813 0.240625
1 0.095312 0.276562 0.187500 0.178125
0 0.216406 0.784375 0.220312 0.159375
0 0.174219 0.649219 0.132812 0.148438
0 0.723437 0.292969 0.168750 0.167187
0 0.160938 0.430469 0.168750 0.167187
0 0.407813 0.300781 0.168750 0.167187
0 0.350000 0.435156 0.168750 0.167187
0 0.554688 0.244531 0.168750 0.167187
0 0.870313 0.471094 0.168750 0.167187
0 0.896875 0.355469 0.168750 0.167187
0 0.873437 0.255469 0.168750 0.167187
0 0.889062 0.824219 0.165625 0.101562
0 0.062500 0.717187 0.121875 0.175000
2 0.839844 0.742188 0.054688 0.056250
2 0.903906 0.725000 0.054688 0.056250
2 0.578906 0.831250 0.054688 0.056250
2 0.206250 0.346094 0.056250 0.048438
0 0.678906 0.696094 0.148438 0.145313
2 0.811719 0.637500 0.054688 0.056250
