0 0.179688 0.296094 0.156250 0.210938
0 0.672656 0.190625 0.179688 0.128125
0 0.447656 0.210938 0.185938 0.162500
0 0.853906 0.406250 0.185938 0.162500
0 0.366406 0.656250 0.185938 0.162500
0 0.239063 0.802344 0.184375 0.145313
0 0.571094 0.762500 0.170313 0.178125
0 0.159375 0.619531 0.165625 0.135937
0 0.342187 0.329688 0.168750 0.168750
0 0.276562 0.485156 0.221875 0.195312
0 0.813281 0.810156 0.170313 0.129688
0 0.935156 0.522656 0.129688 0.164062
1 0.561719 0.510938 0.332813 0.325000
2 0.139063 0.178125 0.059375 0.059375
