0 0.622656 0.407031 0.173437 0.157812
0 0.600781 0.613281 0.173437 0.157812
0 0.657031 0.757031 0.173437 0.157812
0 0.310156 0.321094 0.173437 0.157812
0 0.175781 0.216406 0.126562 0.126562
0 0.300781 0.592969 0.157812 0.154688
0 0.183594 0.625781 0.157812 0.154688
0 0.285156 0.740625 0.164062 0.143750
0 0.814844 0.323437 0.164062 0.143750
0 0.789062 0.600781 0.190625 0.157812
0 0.917969 0.473438 0.164062 0.190625
0 0.625781 0.207813 0.164062 0.143750
0 0.688281 0.225000 0.164062 0.143750
0 0.908594 0.707812 0.164062 0.143750
1 0.115625 0.417969 0.228125 0.332813
2 0.301563 0.478906 0.059375 0.073438
