0 0.524219 0.786719 0.157812 0.176563
0 0.685937 0.760156 0.165625 0.145313
0 0.542969 0.307812 0.170313 0.156250
0 0.702344 0.245312 0.179688 0.187500
0 0.551562 0.617188 0.178125 0.146875
0 0.409375 0.195312 0.184375 0.137500
0 0.604688 0.485156 0.131250 0.164062
0 0.916406 0.208594 0.160938 0.164062
0 0.729688 0.436719 0.162500 0.167187
0 0.761719 0.603906 0.160938 0.151562
0 0.267188 0.289844 0.159375 0.167187
0 0.883594 0.413281 0.148438 0.157812
0 0.883594 0.746094 0.179688 0.132812
0 0.067187 0.360156 0.131250 0.170313
1 0.192188 0.646094 0.312500 0.332813
2 0.530469 0.484375 0.054688 0.065625
