0 0.197656 0.675781 0.164062 0.160938
0 0.380469 0.698438 0.123438 0.109375
0 0.054688 0.615625 0.106250 0.171875
0 0.408594 0.397656 0.145313 0.126562
0 0.653125 0.190625 0.168750 0.128125
0 0.248438 0.328906 0.159375 0.167187
0 0.845313 0.200000 0.215625 0.146875
0 0.868750 0.766406 0.156250 0.160938
0 0.935937 0.559375 0.128125 0.193750
0 0.420312 0.815625 0.137500 0.118750
0 0.915625 0.375781 0.168750 0.164062
0 0.311719 0.202344 0.195312 0.151562
0 0.661719 0.745313 0.195312 0.153125
2 0.137500 0.821875 0.068750 0.068750
1 0.647656 0.560156 0.242188 0.292187
2 0.117969 0.427344 0.076563 0.054688
