0 0.503125 0.505469 0.137500 0.148438
0 0.629687 0.572656 0.137500 0.148438
0 0.885938 0.371094 0.137500 0.148438
0 0.792969 0.521094 0.189062 0.173437
0 0.380469 0.360156 0.189062 0.173437
0 0.337500 0.521875 0.162500 0.165625
0 0.379688 0.207813 0.162500 0.162500
0 0.221875 0.475000 0.162500 0.165625
0 0.856250 0.682813 0.162500 0.165625
0 0.504687 0.735938 0.162500 0.165625
0 0.326562 0.785937 0.162500 0.165625
0 0.082031 0.693750 0.160938 0.165625
0 0.243750 0.653125 0.162500 0.165625
1 0.645312 0.302344 0.337500 0.314063
2 0.954688 0.586719 0.059375 0.057813
