0 0.214844 0.228906 0.176563 0.151562
0 0.146094 0.601562 0.157812 0.143750
0 0.621094 0.751563 0.157812 0.143750
0 0.230469 0.762500 0.157812 0.143750
0 0.384375 0.471875 0.159375 0.171875
0 0.703125 0.573438 0.159375 0.171875
0 0.917188 0.639062 0.159375 0.171875
0 0.936719 0.422656 0.126562 0.170313
0 0.171094 0.419531 0.135937 0.164062
0 0.495312 0.493750 0.159375 0.171875
0 0.476562 0.629687 0.159375 0.171875
0 0.432031 0.761719 0.160938 0.154688
1 0.620313 0.334375 0.350000 0.325000
2 0.781250 0.789844 0.071875 0.045312
