0 0.122656 0.601562 0.182812 0.156250
0 0.264844 0.717969 0.167187 0.157812
0 0.091406 0.767969 0.167187 0.157812
0 0.414844 0.627344 0.173437 0.207813
0 0.858594 0.421094 0.167187 0.157812
0 0.930469 0.204687 0.139063 0.156250
0 0.856250 0.598437 0.168750 0.181250
0 0.924219 0.758594 0.151562 0.192188
0 0.085156 0.362500 0.167187 0.181250
0 0.290625 0.200000 0.171875 0.146875
0 0.267969 0.482812 0.170313 0.184375
0 0.687500 0.731250 0.168750 0.218750
1 0.464844 0.310937 0.292187 0.334375
2 0.585156 0.468750 0.079687 0.081250
2 0.585156 0.699219 0.060937 0.054688
2 0.740625 0.852344 0.062500 0.045312
