1 0.535156 0.593750 0.254688 0.253125
0 0.470313 0.229687 0.228125 0.168750
0 0.592187 0.400781 0.181250 0.185938
0 0.837500 0.347656 0.181250 0.185938
0 0.770312 0.447656 0.181250 0.185938
0 0.737500 0.561719 0.181250 0.185938
0 0.827344 0.595313 0.154688 0.159375
0 0.824219 0.679688 0.154688 0.159375
0 0.788281 0.756250 0.154688 0.159375
0 0.907031 0.689063 0.154688 0.159375
0 0.063281 0.234375 0.123438 0.181250
0 0.214062 0.210938 0.190625 0.168750
0 0.772656 0.214844 0.210938 0.176563
2 0.653125 0.173437 0.068750 0.090625
2 0.360938 0.806250 0.065625 0.053125
0 0.382812 0.383594 0.153125 0.170313
0 0.115625 0.446094 0.153125 0.170313
0 0.136719 0.820312 0.139063 0.109375
0 0.263281 0.820312 0.139063 0.109375
0 0.077344 0.775781 0.151562 0.135937
