1 0.535156 0.250781 0.273438 0.248438
0 0.421875 0.475781 0.143750 0.148438
0 0.592969 0.657031 0.160938 0.157812
0 0.397656 0.685156 0.160938 0.157812
0 0.084375 0.660156 0.165625 0.192188
0 0.307031 0.405469 0.167187 0.192188
0 0.055469 0.371094 0.107813 0.185938
0 0.064844 0.482031 0.126562 0.135937
0 0.203125 0.572656 0.128125 0.135937
0 0.292969 0.819531 0.182812 0.110937
0 0.339844 0.549219 0.160938 0.157812
0 0.264844 0.178906 0.157812 0.104688
0 0.362500 0.172656 0.125000 0.092188
0 0.685937 0.463281 0.162500 0.154688
0 0.739062 0.485938 0.100000 0.112500
0 0.931250 0.489063 0.134375 0.162500
0 0.901563 0.562500 0.134375 0.162500
0 0.931250 0.782813 0.134375 0.184375
0 0.932031 0.207031 0.135937 0.160938
0 0.816406 0.318750 0.189062 0.206250
0 0.692187 0.325000 0.181250 0.165625
0 0.510938 0.732812 0.190625 0.190625
