0 0.896094 0.464062 0.139063 0.134375
0 0.621875 0.669531 0.159375 0.182812
0 0.081250 0.737500 0.150000 0.140625
0 0.702344 0.821094 0.207813 0.101562
0 0.489063 0.805469 0.184375 0.139063
0 0.467969 0.670312 0.167187 0.162500
0 0.648438 0.207031 0.212500 0.160938
0 0.875781 0.763281 0.173437 0.145313
0 0.132812 0.250781 0.137500 0.214062
0 0.592969 0.382812 0.192188 0.150000
0 0.138281 0.566406 0.182812 0.145313
0 0.215625 0.698438 0.168750 0.143750
2 0.085156 0.444531 0.082812 0.067187
1 0.320312 0.489844 0.409375 0.392188
