0 0.301563 0.365625 0.156250 0.184375
0 0.342187 0.514062 0.143750 0.171875
0 0.185156 0.221875 0.148438 0.159375
0 0.747656 0.254688 0.148438 0.159375
0 0.839844 0.254688 0.148438 0.159375
0 0.761719 0.429688 0.148438 0.159375
0 0.897656 0.456250 0.148438 0.159375
0 0.735156 0.593750 0.167187 0.168750
0 0.674219 0.681250 0.167187 0.168750
0 0.142969 0.528125 0.142187 0.159375
0 0.171094 0.770312 0.173437 0.165625
0 0.879687 0.707812 0.159375 0.143750
1 0.496875 0.328906 0.303125 0.295312
2 0.572656 0.645312 0.048438 0.050000
2 0.085156 0.413281 0.054688 0.057813
